1104
1105
1106
1108
1109
1110
1111
1112
1113
1114
1115
1116
1117
1118
1119
1527
2336
2827
6369
7607
8822
9144
11754
13211
13607
13739
13742
15143
16707
17179
17379
18689
18798
18835
19639
19646
20005
20055
20415
20431
20851
20943
20944
20962
21095
22258
22908
23360
24321
26627
26629
26630
27943
27996
28105
28380
28381
28403
28404
28406
28407
28568
28678
28923
29013
29139
29299
29855
29960
30639
30707
31288
32066
32380
32537
32538
32666
32742
32743
32746
33037
33426
33427
33578
33636
33724
33725
34177
34178
34191
34193
34194
34446
34491
34573
34574
34591
34686
34849
34850
34865
35737
35764
35911
36021
36416
36518
36660
37148
37150
37191
37192
37239
37241
37328
37567
39387
39390
39789
40027
40028
40036
40040
40045
40182
40190
40248
40296
40364
40453
40461
40682
40826
40852
40853
41093
41094
41106
41212
41370
42015
42287
42291
42292
42320
42322
42427
42428
42808
42810
43182
43183
43340
43663
44194
44574
44575
44602
45149
45983
46165
46166
46441
46442
46497
46544
46553
46554
46555
46556
46763
46764
46765
46893
46948
47723
48551
48552
48693
48701
48704
48829
48892
49223
49740
50256
50459
50915
50976
50989
51000
51153
53097
53145
53230
54151
54184
54204
54646
54708
54709
54712
54785
54786
54924
54925
54926
54951
54952
55107
55175
55211
55212
55310
55335
57550
58407
58408
59444
59445
59810
59811
59871
59872
59912
59913
59914
59915
59932
59961
59962
59964
59998
60000
60302
60304
60455
60460
60551
61205
62506
62696
62741
65368
65432
65433
66329
66332
66389
66635
67997
68100
68169
68251
68739
68741
68742
68767
68899
69114
69324
69325
69326
69375
69376
69468
69509
69510
69632
69633
69756
70092
70130
70457
70570
70885
71124
71125
71158
71308
71317
71572
72081
72386
72388
72389
72416
72417
72418
72874
73104
73105
73108
73114
73193
73201
73285
73300
73352
73470
73684
73911
74075
74268
74269
74553
74583
74584
74819
74851
74902
74903
75009
75179
75308
75347
75354
76002
76354
76692
76814
77436
77442
77478
77799
78052
78259
78303
78331
78332
79024
79149
79152
79154
79161
79164
79165
79166
79168
79169
79534
79861
79862
79889
79890
79957
79959
80302
80352
80353
80395
80400
80408
80499
80500
80822
81005
81068
81542
81947
81948
82060
82061
82212
82213
82255
82256
82484
82485
82488
82489
82490
82502
82504
82505
82526
82544
82772
82784
83246
84175
84420
84631
85338
85842
85843
86032
86422
87411
88344
88348
88528
88571
88579
88642
88761
88909
89192
89200
89282
89814
90037
90142
90200
90335
90454
90456
90458
90459
90461
90860
91694
92135
92622
92851
93151
93493
93503
93525
93540
93568
93626
94258
95280
96384
96389
97342
97343
97460
98324
98526
98533
98534
98888
99012
99013
99014
100110
100257
101034
101042
101069
101073
101715
101939
102324
102446
102614
102625
102694
102739
102851
102895
102897
102899
102900
102901
102902
102959
102973
103120
103121
103368
103369
103493
103494
103517
103518
103853
104170
104171
104176
104177
104178
104708
105241
105392
105496
105610
105611
106045
106441
106508
107009
107011
107014
107336
107482
107483
107647
107908
108908
108992
108993
109114
109262
109291
109292
109343
109637
109638
109639
109643
109644
109645
109651
109652
109653
109669
109670
109672
109762
109776
109777
109779
109919
110209
110441
110453
110454
110866
110907
111131
111676
111695
111702
111709
112475
112513
112514
112845
112846
112847
113344
113358
113359
113367
113524
113525
113568
113591
113593
113702
113869
113870
113873
114095
114389
114390
114420
114444
114465
114502
114550
114678
114687
114805
114806
115111
115113
115114
115115
115119
115120
115144
115355
115356
115519
115529
115780
116078
116080
116095
116141
116318
116335
116336
117505
117769
117831
117832
118272
118282
118387
118388
118688
118799
119023
119180
119243
120611
120915
120916
121037
121589
121650
122340
122353
122377
122726
122893
122983
123021
123022
123133
123134
123206
124183
124614
124724
125029
125055
125340
125470
125471
125713
126102
126599
126607
126874
127563
128588
128810
129258
129259
129284
129285
129344
129424
129425
129627
129628
129704
129741
129765
129804
129805
129806
129876
129878
129959
129979
129983
130020
130059
130144
130157
130555
130560
130921
131508
131509
131728
132186
132187
132188
132602
132707
133072
133093
133347
133927
133928
134086
134179
134526
134693
135610
135776
135804
135994
136026
136027
136049
136084
136294
136577
137248
137255
137328
137345
137346
137353
137354
137365
137370
137371
137420
137422
137525
137526
137598
137600
137699
137738
137739
137740
137741
137781
137814
137868
137876
138064
138072
138075
138243
138244
138268
138271
138281
138363
138667
138668
138699
138700
138794
138795
139332
139572
139573
140014
140045
140115
140128
140163
140244
140573
140848
141035
141037
142380
142775
142912
142975
142979
142981
143008
143013
143284
143667
144030
144032
144337
144338
144339
144341
145052
145166
145196
145579
145580
145981
146177
146381
146418
146488
146562
146669
146908
147119
147120
147201
147433
147434
147438
147439
147645
148868
149121
149122
149853
150199
150206
150242
150243
150546
150557
150582
150738
153074
154119
154121
154155
154156
155195
155197
155198
155499
155546
155549
155550
155554
155658
155679
155747
155781
156041
156250
156255
156380
156410
156492
156493
156495
156938
156939
157709
157767
158153
158165
158481
159136
159243
159931
159932
159979
160061
160264
160352
160353
160471
160472
160522
160566
160622
161214
161343
161344
161352
161410
161691
161692
161715
161740
161762
161852
161939
161949
161957
161963
163183
163343
163344
164578
164670
164984
165099
165506
165510
165818
165827
166269
166270
166508
166509
166719
166720
167123
167125
167127
167733
167879
167939
167954
168116
168319
168668
171156
171314
171317
171508
171836
172014
172144
172829
172918
172941
173187
173786
174122
174199
174205
174555
175237
175544
175563
175660
175661
175663
175666
175667
175790
176772
176836
177412
177496
177729
178149
178150
178226
178264
178418
178421
178422
178659
178674
178705
178797
178801
178803
178906
178929
179035
179071
179072
179738
180727
183198
183350
183388
183571
183712
183713
183981
184208
184211
184434
184466
184686
185102
185559
185655
185778
185779
185936
186305
186686
187032
187707
187708
188688
188692
189216
189296
189570
189761
189815
190029
190243
190244
190418
190482
190483
190509
190510
190909
190910
190911
190912
191045
191431
191630
191631
191632
191672
191673
191674
191676
191681
191737
191738
192189
192353
192749
192759
193306
193328
193577
195965
195987
195988
196051
196086
196087
196106
196107
196114
196408
196945
197679
197955
197956
198122
198123
198529
198815
198843
199231
199909
200366
200395
200485
200486
200587
202097
202585
202998
203507
203508
203556
203557
204097
204098
204099
204297
204790
205532
205675
205703
205704
206037
206116
206117
206485
206558
206665
206916
206919
206966
207538
207539
208288
208289
208421
208512
208646
208647
209494
210935
210951
211005
211131
211132
211135
211143
211144
211147
211162
211163
211260
211262
211286
211367
211368
211513
211514
211612
211735
211879
211880
212065
212537
212569
212579
212754
212762
212839
212866
212867
212942
212964
213782
213785
213885
214082
214576
214593
214807
214812
214825
214864
215409
215410
215493
215654
215684
215702
215754
215837
215844
215853
215864
215868
215878
215882
215905
216024
216108
216109
216141
216158
216358
216373
216428
216498
216533
216536
216666
216824
218627
218826
218848
218849
219523
219653
219661
219822
219874
219976
219994
220288
222142
222180
222181
222190
222675
223060
223062
223332
223546
223548
223615
223760
223761
223902
223903
223919
224179
224180
224337
224338
224372
225323
225432
225434
225435
225543
225689
225690
225720
225747
225752
226141
226142
226166
226571
226721
226722
227191
227194
227195
227235
227236
227296
227436
227437
227506
227613
227614
227688
227750
227890
227891
227892
227969
227970
228124
228349
228350
228426
228427
228465
228489
228556
228557
228584
228638
228792
228793
229103
229141
229321
229328
229342
229351
229354
229384
229386
229451
229881
229918
229920
229923
229931
229932
230140
230338
230402
230451
230560
230586
230732
230753
230754
230803
230804
230810
230811
230812
230813
230814
230815
230817
230818
230933
230934
231375
231419
231420
231573
231574
231824
231825
231826
231840
231857
232340
232382
232391
232477
232499
232507
232508
232663
232664
232670
232671
233441
233535
233566
233576
233583
233594
233595
233596
233606
233616
233683
233776
233780
233781
233782
233891
234023
235108
235254
235924
235998
236024
236065
236238
236239
236245
236314
236383
236713
236858
236860
236861
236862
237017
237018
237063
237101
237346
237365
237366
237875
238027
238029
238247
238871
238880
239047
239102
239218
239289
239523
239627
239807
240158
240170
240171
240348
240363
240364
240446
240671
240757
240777
240951
240952
240954
240956
240957
240958
241288
241289
241321
241330
241404
241792
242215
242568
242580
242608
242625
243101
243128
243321
243336
243473
243474
243534
243545
243563
244040
244211
244265
244573
244874
244912
244913
244918
245035
245645
246098
246674
247498
247538
247547
248052
248855
248857
248863
248873
249544
249545
249994
250224
251725
251872
251876
251920
252028
252029
252094
252200
252201
252507
252585
252661
253053
253139
253463
253464
253504
253524
253555
253556
253712
254194
254218
254492
254877
254879
254932
255272
255346
255478
255981
256501
256912
257070
257249
257517
257568
258516
258757
258782
258794
258795
259029
259752
259753
259756
259905
260264
260384
260539
260623
260668
260770
261079
261080
261156
261157
261350
261351
261364
261370
261371
261445
261505
261506
261513
261514
261616
262168
262293
262787
262788
262811
263362
263452
263453
263454
263865
263867
263981
263986
264091
264198
264231
264242
264290
264565
264566
264734
265568
265664
265665
266177
266405
266406
266529
266584
266602
266712
266723
266800
266801
266851
266852
266885
267112
267370
267562
267563
267693
267694
267734
267735
267785
267786
268299
268679
268680
268717
268906
269124
269179
269235
269579
269580
269726
269735
269740
269843
269845
269853
269861
269886
269887
269925
269960
270077
270130
270174
270235
272088
272089
272932
273099
273220
273222
273223
273343
273344
273353
273683
273687
273688
273695
273696
273739
273740
273741
274132
274486
274487
274936
274937
275273
275662
276230
276454
276483
276594
280047
280071
280336
280469
280470
280539
280969
280970
280975
281018
281037
281038
281061
281062
281352
281353
283140
284123
284741
285251
285361
285398
285768
286152
286343
286344
286512
286650
286688
286797
287102
287132
287236
287273
287749
287850
287876
288050
288508
288687
288790
288791
288792
289081
289490
289494
289611
289612
289849
289850
290388
290593
290860
290861
290897
290929
291137
291141
291390
291895
292598
292765
292766
292781
293289
293561
293562
293581
293582
293583
293778
294019
294199
294917
296011
296012
296110
296111
296112
297184
297185
297752
297784
297863
297941
297995
297996
297997
298060
298061
298221
298310
298325
298544
298611
299604
299607
299705
299740
299810
299811
299907
300097
300165
300212
300542
300563
301576
302312
302384
302387
302388
302389
302407
302408
302412
302607
302879
302880
302899
302900
302901
303420
303715
304142
305216
305259
305527
305571
305879
305893
305901
306086
306087
306484
306580
306883
307239
307309
307365
307782
307783
307786
308553
309526
309624
309920
310353
310758
310955
310956
311046
311047
311181
311343
311504
311787
311791
311796
311799
311902
311998
312502
312546
312557
312560
312566
312593
312788
312926
313101
313296
313336
313347
313430
313444
313446
313450
313531
313683
313684
313778
313779
313819
314688
314689
315827
316471
316610
316611
316634
317482
318111
318454
319584
319704
319705
319770
319791
319793
320034
320035
320055
320056
320148
320149
320154
320271
320272
320276
320284
320285
320453
320638
320966
320967
321695
321925
321926
321927
322049
322052
322054
322073
322253
323153
323154
323491
323713
323768
323783
323804
323805
323830
324360
324402
324407
325120
325172
325348
326437
327548
327908
327909
327985
328037
329144
329247
329582
330096
330510
331065
331066
331129
331281
331499
331624
331675
332361
333776
334677
334682
334861
334866
334872
335151
335197
335226
335243
335314
335664
335665
336708
336709
336966
337032
337346
337407
339475
339480
339493
339702
339873
340106
340107
340157
340807
341060
341311
341358
341835
342410
343072
343084
343085
343326
343741
343751
345509
345764
345908
346267
346373
346553
346564
346565
347304
347313
347577
347590
347644
348307
348930
349018
349222
349223
349255
349947
349948
349976
350047
350964
351630
351633
351653
351654
351935
352770
353182
353440
353459
353505
353654
353656
353833
353835
353836
353838
353839
353840
353845
353881
353882
354136
354137
354164
354262
354457
354480
354515
355160
355543
355672
356039
356396
356535
356673
356765
356766
357148
358954
359003
359005
359007
359262
359424
359446
359847
360088
360452
360545
361267
361320
361480
363178
363191
363192
363194
363296
363371
363373
363375
363424
363565
363580
363637
363747
363768
363915
364578
365513
365529
365943
365944
366567
367199
367343
367344
367345
367362
367363
367412
367559
367590
367645
367705
367796
367807
367856
368035
368082
368141
368242
368243
368818
368877
368882
368900
368908
368909
369290
369303
369366
369743
369819
369832
369909
369956
369978
369979
370009
370010
370013
370040
370207
370217
370320
370680
370681
371307
371415
371416
371417
371535
372053
372158
372160
372173
372212
372236
372438
372439
372475
372484
372521
372524
372526
372548
372549
372550
372551
372561
372595
372598
372600
372887
372926
372927
372968
372970
373442
373454
374267
374268
374272
374273
374325
374326
374443
375012
375196
375305
375306
375553
375566
375567
375574
375578
375579
375580
375581
375582
375610
375924
376185
376191
376199
376249
376578
376823
377022
377310
377720
378048
378069
378150
378280
378281
378284
378322
378323
379319
379839
379955
380212
381518
381519
381757
381979
382266
382342
382515
382561
382599
382822
382900
383003
383162
383430
383641
384343
384352
384824
384876
385682
386032
386183
386192
386309
386613
386626
387119
387166
387167
387169
387170
387171
387172
387174
387175
387177
387179
387180
387184
387188
387189
387191
387192
387463
387770
388581
389942
389972
390050
390383
391617
391694
392068
392130
392562
392625
392915
393636
393637
393641
393642
393658
393664
394200
394201
394318
394319
394323
394330
394331
394339
394346
394347
394349
394350
394575
394581
394582
394845
394852
394988
394989
395925
395965
396094
396701
396733
397240
397409
397622
397742
398523
400173
400174
400462
400463
400506
400836
400949
401457
401458
401692
402028
402055
402273
402285
402406
402440
402511
402664
403328
403329
403342
403343
403344
403360
403362
403363
403364
403420
403441
403442
403545
403546
403651
403653
403697
403745
403746
403747
403833
403834
403957
403958
403986
404015
404016
404017
404099
404100
404235
404447
405176
406645
406850
407497
407498
407782
407841
408331
408332
408734
408772
408978
409510
409520
409521
409540
410282
410283
410288
410289
410292
410293
410294
410339
410441
410545
410705
410717
411031
411117
411349
411385
411587
411624
411778
411847
412418
412419
413308
413584
413595
414075
414690
414853
414854
414905
414906
414910
414911
414965
414966
415151
415152
415185
415231
415232
415249
415366
415903
415989
416057
416297
416321
416952
417215
417556
417674
419418
419435
419743
419744
419899
420379
420424
420596
420597
420600
420623
420766
421296
421313
421315
421317
421357
421372
421778
421915
422033
423306
423554
423555
423556
424500
424514
424723
424724
426263
426265
426266
426267
426309
426310
426334
426335
426336
426337
426338
426510
426551
426552
426580
426581
426832
426836
426838
426847
426883
427195
427216
427459
427906
427919
427947
428181
428334
428335
428548
428611
428836
429369
429370
429378
429379
430264
430569
430640
430862
431003
431064
431200
431353
431430
431431
432911
432928
432935
432979
433001
433002
433377
433406
433603
433605
433631
434996
434998
435003
435193
435561
435562
435564
435813
436007
436064
436505
437690
437691
437813
438203
438493
438659
438660
438678
439587
439774
439775
441173
441174
441192
441193
441434
441435
441436
441485
441487
441661
441662
441725
441786
442109
442176
442202
442380
442381
442427
442469
442482
442556
442949
443183
443243
443336
443510
443596
443753
443755
443758
443786
444346
445567
447412
448677
448678
448697
448710
448711
448730
448731
448762
448763
449214
449396
449451
449658
449659
450484
450488
450601
450602
451046
451731
451950
452164
452303
452343
453336
453978
454375
455427
455615
455618
455993
456051
456052
456053
456057
456331
456332
456807
456844
457513
457514
457605
459210
459379
459422
459808
459809
460361
461309
461866
461867
462378
462379
462808
462990
463115
463277
463292
463301
463487
463505
463845
464842
465707
465714
465861
466541
466542
466549
466597
466600
468081
468337
468408
468516
468596
468737
468964
469212
469261
469262
469436
469462
469514
469567
469793
469808
469994
469995
470008
470009
470047
470076
470255
470359
470496
470503
470504
470570
470700
470712
470770
472250
472280
472322
472380
472390
472391
472435
472536
473372
473373
474044
474537
474664
475284
475285
475324
475325
475326
475327
475328
475329
475504
475505
475573
475828
476138
476954
477672
477809
477811
477962
477990
477996
478012
478044
478142
478165
478227
478260
478276
478280
478315
478316
478406
478420
478512
478626
478642
478650
478694
478743
478745
478768
478769
478770
478850
478859
478874
479271
479308
479331
479332
479526
479534
479535
479585
479749
479832
480184
481264
481355
481641
481642
481932
481933
482363
482441
483131
483132
483192
483201
483289
483290
483291
483573
483574
484112
484289
484290
484291
484293
484472
484766
485104
485105
485592
485593
485594
486670
486698
486699
487153
487154
487400
487410
487590
487775
487779
488332
488632
488768
488783
488789
488808
489075
489202
489242
489264
489588
489846
489849
489850
490275
490702
490839
490840
491345
491579
491609
491610
491611
491612
491615
491616
491617
491647
491806
491815
491851
492415
492533
492813
493110
493657
494202
494606
494607
494630
494841
494902
494903
494970
494971
495007
495345
495403
495626
495628
495641
495651
495717
495840
495841
495846
496392
496741
497182
498148
498236
498239
498717
498740
500134
500135
500136
500137
500632
500651
501091
501570
501626
501836
501837
502029
502047
502090
502091
502098
502152
502347
502531
502557
502650
502651
502675
502826
502995
503001
503101
503141
503312
503404
503406
504431
504432
504515
505065
505148
505465
505542
505677
505992
506002
506004
506005
507069
507113
507647
507648
507723
507790
507803
507822
508096
509363
509742
509788
509823
510036
510386
510403
510573
511618
511626
511736
511968
511969
511970
511971
512060
512061
512159
512256
512258
512467
512527
512772
514091
514092
514106
514133
514134
514161
514162
514416
514454
514566
515143
515144
515170
515229
515428
515646
515843
515932
516236
516237
516834
517016
517288
517289
517639
517640
517743
517744
518206
518207
518490
518697
518908
518956
518957
518979
519141
519151
519155
519459
519858
521679
521683
522093
522123
522167
522876
524252
524354
524385
524393
524394
524498
525233
526164
526718
527009
527128
527201
527751
528255
528347
529002
529204
529224
530960
530996
530997
531222
531287
531288
531399
531563
531571
531572
531637
532050
533677
533751
534629
534636
534643
534651
535280
535281
535296
535363
535409
535474
535477
535478
535713
535714
535806
535807
536038
536090
536091
536092
536105
536106
536220
536221
536230
536245
536248
536249
536542
536560
536561
536563
536565
537133
537134
537303
537789
537790
537920
537921
537997
538054
538069
538070
538090
538381
538843
538844
538998
539003
539270
539453
539661
539679
539710
539917
540086
540218
540219
540575
542236
542441
542825
543056
543634
543885
543886
543946
543947
544188
544395
544396
544397
544864
545148
545168
545251
547877
548376
548377
548492
548876
549167
549168
549255
549257
549299
549300
549301
549745
549747
550111
550112
550113
550126
550127
550128
550230
550325
550379
551588
552341
552342
552384
552385
552386
552920
553048
553062
553075
553103
553311
553312
553571
553572
553594
553819
553943
553944
554404
555341
555492
555493
555874
555967
556019
556158
556269
556324
556614
556652
557196
557513
557636
557936
558199
558701
558702
560448
560587
560712
560801
561406
561688
561986
562272
562792
564728
564927
565081
565082
565309
565324
565570
565755
565829
565871
565875
566038
566039
566759
566760
566765
566766
567174
567186
567188
567227
567524
567667
567675
567693
568744
568746
569278
569279
569566
569575
569850
570044
570045
570825
571013
571014
571683
572003
572189
572591
572850
573144
573671
573781
574133
574134
574425
574604
574710
574972
575694
577146
577156
577633
577670
577942
577943
578209
578240
578749
580099
582535
582968
582996
583315
583546
583851
584276
584277
584401
585012
585535
585546
585749
585894
585895
585896
585921
586025
586113
586296
586357
586466
586756
587578
588184
589811
589912
590071
590178
590224
591927
591928
592255
592656
594725
594726
595126
595128
595129
595216
595451
596003
596336
596347
596486
597481
597544
597894
597895
598210
598211
598435
598909
599579
599692
599693
599771
600221
601521
601696
601697
601699
602012
602156
602232
602429
602430
602662
602663
602665
602684
602705
602706
602707
602708
602862
602891
603289
603654
603950
604391
604785
604887
605009
605133
605251
605383
605559
605603
605604
605660
605662
605670
606182
606779
606808
606809
606811
606812
606880
607077
607200
607264
607409
607552
607904
608044
608222
609334
609546
610134
610135
610184
610654
611139
611140
611341
611396
611398
611753
611758
612337
612562
612601
612659
612662
612912
612980
613086
613147
613149
613401
613702
614267
614808
615025
615098
615225
616138
616147
616148
616152
616313
617078
617590
617768
617769
617808
617809
617919
618299
618305
618440
618591
619871
620097
620098
620434
620491
620554
623747
623763
624175
624176
624226
624322
624327
624328
624329
624330
624650
624651
624717
624745
624857
624858
625762
626100
626148
626875
627036
627037
627131
627169
627170
627181
627514
627776
628126
628127
628405
628406
628408
628457
628676
628677
628682
628904
628905
628957
629061
629293
629334
629389
629588
630437
630644
630733
630776
630814
630914
631137
631793
632408
632412
632413
632681
632739
632740
632741
632743
632745
632746
632774
632775
632776
632777
632783
632785
633114
633387
633882
633904
633949
633950
634187
634424
634426
634427
634459
634682
634953
634994
634997
634999
635211
635215
635216
635465
635641
635646
635864
635933
636025
636028
638231
638273
638274
638275
638276
638410
638425
638511
638635
639157
639227
639274
639279
639306
640722
640973
640974
641118
641408
641455
641558
641897
641947
641998
642023
642126
642147
642150
642190
642191
642517
642981
643186
643616
643617
643790
644091
644367
644368
644459
644483
644484
644549
644563
644629
646182
646275
646300
646919
647121
647122
647365
647476
647477
647478
647779
648741
648781
649147
649148
649204
649318
649572
649641
649660
649750
650163
650309
650683
651367
652192
652749
652753
652754
654330
655012
655014
655015
655667
656583
657288
657325
659518
659580
659874
660095
660123
661280
661349
661455
662764
662765
663676
663677
664364
665395
665870
665888
666008
666475
666476
666477
666624
666638
666874
666902
666903
666904
667216
667217
667228
667917
668180
668201
668252
668595
668995
669013
669420
669432
669592
669611
669854
669855
669856
669857
669858
669859
669875
670939
671284
671335
671975
673309
673310
673577
673705
673706
673736
673737
673966
674091
674093
674099
674101
674102
674170
674171
674194
674355
674372
674387
674442
674721
674722
675085
675086
675322
675705
676150
676162
676163
676164
676437
676438
676471
676472
677175
677176
677781
677782
677918
678238
678605
679580
680297
680356
680357
680615
680794
680804
681014
681119
682351
684231
684234
684753
684926
684927
684949
684990
685325
685330
685331
685334
685338
685621
685648
685669
685826
685914
685962
686065
686730
686822
686978
687135
688379
688421
690375
690511
690513
690514
691179
691538
691578
691765
692852
693077
693144
693151
693297
693436
693505
693536
693740
693794
694194
694755
694758
694759
695270
696218
696247
696254
696255
696367
696551
696552
696632
696642
696768
696907
696908
696915
696981
697798
697801
697820
697908
697917
698414
698585
698712
698902
699095
699235
699304
699448
699517
699880
699982
700091
700234
700235
700347
700785
700906
700907
701284
701287
701434
701567
702024
702403
702682
702963
703071
703374
703539
704040
704041
704858
704940
705252
705253
705447
705978
706067
706890
707791
708128
708129
708130
708139
708140
708158
708261
708345
708898
708899
708906
709149
709150
709151
709409
709940
710033
710056
711912
711914
712672
712673
712674
712708
712711
712715
712723
712724
712730
712742
713256
713859
714231
715723
715724
715729
716141
716459
716576
716757
716758
717207
717248
717249
717404
717406
717409
717693
717794
717796
717829
717970
717979
718114
718115
718116
718143
718675
718737
718864
718928
719177
719347
719898
719906
720096
720599
720616
720701
720989
721266
721267
721660
721679
721680
721972
721992
722433
723651
724039
724294
724297
724298
724309
724310
724311
724314
724316
724383
724418
724419
724512
724513
724784
724998
725538
725992
726322
726928
726968
728204
728673
728860
728861
728870
728871
728909
728910
728920
728921
729013
729021
729071
729072
729287
729288
729289
729290
729293
729454
729455
729456
729457
729544
729545
729561
729562
729645
729762
730141
730312
730313
730917
731058
731121
731442
731471
731685
731686
731956
732202
732257
732274
732281
732284
732286
732288
732289
732290
732297
732423
732739
732771
732868
732869
732923
733094
733172
734843
734844
734845
735151
735152
735159
735160
736038
736247
736286
736738
736966
737428
737566
737636
737692
737989
737991
737992
738031
738032
738133
738335
738491
738675
738702
738789
738817
738887
739116
739138
739236
739274
739432
739681
739874
739927
739932
740425
740435
740717
740752
740753
740815
741461
742756
744874
745167
745186
745187
745560
745561
745794
746345
747546
747788
747797
747918
748069
748070
748630
748631
748674
748932
749283
749411
749726
749793
749900
749995
750007
750138
750147
750254
750426
750429
750667
750753
750800
750890
750897
750916
751038
751092
751131
751251
751380
751535
751908
752269
752305
752307
752622
752623
752686
752984
753163
753409
753548
753702
753704
753883
753884
754253
755294
755355
755382
755544
756920
757453
758065
761134
762185
762399
763575
763625
763626
763664
763666
763682
763715
763716
764314
764335
764338
764339
764427
764434
764467
764757
764825
764828
764829
765040
765204
765325
765375
765598
765599
766203
766243
766577
767791
768147
768172
768607
768858
768866
768898
769043
769097
769165
769494
769495
769496
769503
769605
769636
775223
777300
777476
777477
777598
777816
777923
777928
777989
779349
779395
779806
780680
780698
782014
782016
782119
782544
782973
783539
784490
784503
784515
784826
785081
785231
785475
785521
785678
785774
785817
785885
786056
786185
786186
786193
786393
786395
786398
786819
786820
787467
787468
787611
788891
789584
789658
789869
789870
789977
790250
790492
790746
790752
791086
791102
791195
791296
791551
791553
791817
791887
792060
792200
793047
794415
794416
794529
794543
794914
795123
795547
795990
795998
796005
796196
796317
796441
796588
796712
796713
796824
796829
796830
796831
796832
796969
796980
796985
796986
797065
797115
797610
797634
797680
797726
797742
797813
797844
797845
797846
797908
798023
798297
798342
798345
798346
798541
798584
798585
798727
798794
798798
798856
798875
799146
799188
799217
799402
799753
800146
800323
800443
800615
801398
802142
802315
802358
802378
802735
803153
803177
803249
803252
803375
803376
803653
803843
803898
804752
804753
804783
805047
805717
805846
806028
806060
806072
806082
806564
806728
806870
806913
806914
806991
806992
807720
807721
807868
808137
808148
809803
809835
810330
813627
813631
813632
813794
813846
813875
814538
814572
814883
814884
816485
816486
817723
818740
818741
819256
819338
819339
820321
821411
821416
822173
822562
823039
823049
823584
824017
824058
825295
825725
825793
825794
825814
825818
826655
826969
828480
829325
829842
830051
830799
830967
830971
830989
830990
830991
831085
831301
831302
831303
831307
831413
831450
831485
831486
831847
831884
831935
831939
831960
832077
832123
832152
832223
832651
832701
832834
833237
833467
833483
833562
834697
834710
834873
834941
835129
835183
835564
836114
836367
836857
836858
837854
838457
838609
839843
840044
840164
840273
840300
842260
842265
842266
842734
842735
843317
843446
843703
843959
844402
844967
846464
846465
846596
846597
847005
847006
847207
847276
847300
847371
847452
848320
848321
848716
848851
848922
849016
849070
849096
849097
849133
849140
849141
849206
849207
849217
849218
849219
849220
849238
849286
849287
849495
849687
849688
849934
850192
850194
850195
850380
851505
851506
851507
851689
851850
851940
852065
852150
852325
852327
852329
852330
852344
852384
852396
852413
853354
853414
853462
853498
853515
853630
853650
853654
853678
854019
854446
855105
855447
855654
855763
855860
856028
856030
856106
856273
856394
856399
856508
856533
856988
858495
859250
859254
859255
859256
859259
859260
859261
859266
859429
860104
860863
860864
861420
861426
861427
861428
861448
861449
861955
862128
862988
863164
863359
863605
864470
865105
865112
865177
865178
865568
866123
869197
869512
871452
871733
871760
871761
871762
871780
871781
871873
871874
872256
875135
876373
878029
878184
878228
878416
878614
879033
879403
879404
879630
879841
879853
880450
881544
881669
881904
882028
882047
882626
882712
882713
882822
883029
883079
885438
886023
886201
886486
886685
886886
886905
887386
887387
888193
888404
888518
888690
888823
889028
889196
889273
892258
892937
892978
893491
894287
894317
895455
897921
898296
898297
898964
