1104
1105
1106
1108
1109
1110
1111
2884
3616
4841
7606
7607
8500
8501
10029
10315
12633
13377
13646
13783
13801
13846
13870
14325
14362
14408
15320
16550
16849
17877
18100
18105
18116
18343
18644
18785
18833
19713
19761
19766
19773
19799
19816
19952
19979
20186
20822
21931
21986
21994
22393
23193
23293
24374
24509
24550
24777
25024
25079
25481
25483
26627
26629
26630
26772
27205
27408
27598
27943
27948
27971
27996
28359
28380
28381
28403
28404
28413
28528
28843
29361
29373
29376
29520
29650
30322
30541
31272
31548
32040
33250
33426
33427
33724
33725
34112
34573
34574
36660
36748
37258
37350
37640
38101
38817
39899
40036
40040
40045
40182
40190
40192
40198
40231
40248
40470
41025
41093
41094
41106
41212
41349
42090
42146
42767
42924
44506
44602
44876
44955
45085
45124
45150
45174
45210
46165
46166
46426
46441
46442
46739
46742
46853
46900
47041
47430
47594
48551
48552
48693
48701
48704
48944
49841
50184
50368
51078
51104
52807
52814
53230
53231
53303
53892
54203
54214
54429
54498
54708
54709
54712
54978
55141
55310
55335
56413
56531
56695
56714
56857
57210
57803
57804
57987
59871
59872
59912
59913
59914
59915
59932
59940
59961
59962
59964
59972
59998
60000
62506
62680
62809
62909
63608
63624
63687
63767
64527
65153
65368
65381
65432
65433
67235
67361
67555
68082
68100
68118
68193
68282
68392
68447
68806
68899
69509
69510
69855
70115
71294
71566
71780
71782
72285
72386
72388
72407
72416
73001
73285
73292
73323
73684
74244
74285
74553
74583
74584
74934
74952
74979
75268
75269
75291
75308
75347
75354
75671
75714
75801
75870
76490
76692
76814
77516
77520
77751
78222
78331
78332
78560
78567
78775
78821
79024
79043
79149
79152
79154
79161
79164
79165
79166
79168
79169
79195
79205
79771
80062
80302
80308
80395
80400
80408
80764
80766
81299
81542
81544
82062
82444
82544
82772
83386
83679
84174
84175
84635
85842
85843
86615
86781
86789
87143
87264
87862
88344
88348
88433
88528
88571
88900
89059
89061
89067
89192
89200
89282
89640
89814
90142
90200
90424
90433
90454
90456
90458
90459
90461
90603
90631
90645
91475
91737
92336
92488
93493
93503
93525
93540
93568
93626
96218
96219
96375
97434
97445
97460
97712
97751
97887
98324
98888
99012
99013
99014
99631
100859
101042
101069
101073
101512
102565
102625
102959
102973
103086
103095
103120
103121
103368
103369
103493
103494
103517
103518
104173
104293
105615
106068
106131
106198
106339
106617
107009
107011
107014
108940
109637
109638
109639
109643
109644
109645
109651
109652
109653
109669
109670
109672
109897
110125
110141
110142
110620
110907
111041
111692
111702
111709
112478
112493
113327
113344
113345
113358
113359
113406
114026
114081
114439
114649
114678
114680
114687
114713
114993
115119
115120
115395
115519
115529
115822
116017
116318
116542
116543
116727
116976
117769
117831
117832
120915
120916
121541
121542
121659
122273
122281
122286
122971
122981
123021
123022
123140
124920
124923
124965
125029
125470
125487
126102
126959
127072
127617
127624
127671
127685
127708
127734
128501
129162
129424
129425
129621
129627
129628
129876
129878
130020
130059
130105
130157
130522
130902
131264
131274
131508
131509
132602
132707
134058
134077
134086
134179
134372
134526
135020
135880
135910
136026
136027
136049
136084
137175
137310
137345
137346
137353
137354
137365
137370
137371
137420
137422
137525
137526
137598
137600
137699
137738
137739
137740
137741
137781
137803
137814
137868
137876
138064
138075
138155
138667
138668
138691
138906
139181
140093
140115
140128
140163
140573
141037
142126
142792
143230
143231
143314
144337
144338
144339
144341
144940
145221
145579
145580
145583
145605
145914
145986
146364
146427
146453
146661
146664
146696
146712
147315
147868
147985
148532
148895
149121
149122
149494
151061
151230
151231
151274
151600
152536
152999
154067
154154
154476
154967
155403
155715
156250
158427
158520
158591
159145
160202
160264
160352
160353
160566
160649
160689
161343
161352
161410
161691
161692
161715
161740
161762
161939
162587
163103
163343
163344
163370
163390
163914
164238
166269
166270
166355
166508
166509
166719
166720
166828
166995
167123
167125
167127
167480
168618
168668
169343
169450
169578
170701
171540
171547
171548
171882
173050
173904
174057
174205
174555
174579
175165
175660
175661
175663
175666
175667
175678
175790
176114
176738
176795
178631
178674
178679
178705
179025
179886
179896
180581
181056
181113
181309
181354
181828
182188
182301
182610
182618
183483
183571
183601
183712
183713
183971
184291
184686
185852
185936
185950
185960
185979
186597
187003
187247
187444
187768
188688
188692
189216
189226
189815
190029
190111
190615
190765
190955
191305
191597
191737
191738
191742
192023
192353
192354
192759
193829
193840
194469
196369
197874
197917
197920
197955
198337
198805
199058
199307
199985
200395
200587
200618
201451
203297
203466
203468
203481
203507
203508
203556
203557
204223
204297
204986
205042
205529
205675
205703
205704
205760
206665
207166
208288
208289
208646
208647
208745
208786
210114
211069
211079
211080
211131
211132
211143
211144
211147
211851
212123
212579
212747
212754
212866
212867
213556
213782
213785
214413
214545
214576
214593
214678
214807
214812
215837
216066
216289
216302
216326
216333
216349
216364
216422
216873
217058
217063
217079
217083
217089
217271
217435
217607
218377
218787
218788
218829
218848
218849
218869
219029
219044
219304
219315
219438
221572
221834
222142
222174
222180
222181
222190
222343
222387
222609
223060
223062
223512
223546
223548
223615
224337
224338
224372
225326
225525
225660
226141
226142
227435
227506
227613
227614
227688
227746
227893
227895
227970
228124
228434
228761
228763
228792
228793
229103
229141
229226
229274
229351
229354
229360
229879
230140
230303
230314
230373
230451
230716
230912
231221
231375
232275
232340
232477
232663
232664
232670
232671
232930
233023
233441
233535
233557
233566
233576
233594
233595
233596
233599
233607
233616
233618
233621
233726
233770
233776
233780
233781
233782
235783
235872
235920
235983
236040
236086
236218
236342
236391
236858
236860
236861
236862
236931
237066
237087
237875
238294
238923
239867
239905
240363
240364
240370
240446
240951
240952
240954
240956
240957
240958
241393
241456
242207
242215
242568
242580
242608
242625
242705
242919
242938
243101
244176
244235
244573
244923
245035
245205
245571
247498
247538
247547
248052
248377
248848
248912
248983
249259
249544
249545
249933
251551
251556
253139
254113
254436
255025
255272
255321
256245
256691
256924
256927
258716
258757
258782
258794
258795
260384
260391
260770
261051
261198
261350
261351
261364
261370
261371
261445
261505
261506
261513
261514
262062
262637
262768
262954
263241
263452
263453
263454
263705
263724
263865
263867
263974
263985
263986
264050
264231
264565
264566
264567
264972
265089
265611
266100
266280
266405
266406
266600
266712
266723
267528
267722
268183
269286
269451
269521
269587
269669
270204
270820
271185
271517
271771
272047
272274
272585
273427
273474
273545
273676
273683
273687
273688
273695
273696
273739
273740
273741
274075
274260
274277
274878
274885
275254
276148
277845
280575
281711
282811
283338
283574
283988
284127
284188
284316
285723
286098
286152
286306
286342
286343
286344
286353
286510
286688
286788
286792
286797
286961
287179
287325
287519
287543
287850
287876
288050
288466
288508
288577
288687
288790
288791
288792
288841
289232
289327
290249
290485
290593
290860
290861
291445
292765
292766
293031
293561
293562
293581
293582
293583
293641
293669
293778
293966
294465
295613
295669
296200
296460
296551
296807
297623
297823
297996
298060
298061
298196
298652
298808
298857
299370
299810
299811
300105
300184
300495
300496
300497
300498
300542
300563
300812
301429
301682
301697
301708
301753
301758
301759
301838
302312
302346
302387
302388
302389
302407
302408
302521
302558
302563
302899
302900
302901
304014
304244
304249
304457
304553
304658
304668
304669
304773
304784
305121
305123
305272
305479
305738
306086
306087
306754
307199
307364
307782
307783
307786
308553
309352
309574
309580
309624
309888
310022
310062
310098
310389
311036
311046
311047
311181
312864
313101
313241
313311
313718
313778
313779
313857
313869
314144
314520
314684
314762
314763
314779
315027
315062
315596
315597
315649
315665
315690
315700
315706
315715
315716
315881
316361
316488
316550
316558
316610
316611
316634
316895
316902
316948
316949
317207
317221
318396
318454
320028
320148
320149
320154
320276
320439
320542
320605
320966
320967
321925
321926
321927
322049
322052
322054
322253
322390
322837
322995
324103
325172
325348
326751
326857
327982
328062
328321
328322
328451
328710
329088
329297
329968
330390
330555
330567
330644
330714
330721
330896
331499
332768
333017
333382
333687
334038
334058
334089
334362
334682
334684
334853
334861
334866
334872
335748
335943
336134
336297
336304
336367
336371
336649
339501
339968
340477
340478
340658
340932
340998
341065
341422
341736
341835
341927
342015
342238
342362
342625
343984
344393
345399
345509
345736
346267
346553
346564
346565
348135
348244
348594
348924
349323
349827
349929
349937
349947
349948
350042
350045
350588
351630
351633
351653
351654
351983
352354
352623
353139
353440
353715
353881
353882
353885
354123
354768
355160
355543
355917
356131
356140
356142
356172
356231
356233
356535
356673
356765
356766
356835
356957
357148
358116
358808
358954
361076
361503
361506
361507
361665
361666
361682
361683
361952
362470
362840
363356
363931
364216
364343
364460
364692
366293
366995
367056
367079
367110
367130
367340
367362
367363
367479
367487
367526
367539
367559
367590
367645
367705
367709
367753
367796
367799
367807
368062
368141
368231
368242
368243
368257
368712
368716
369178
369290
369828
369833
369835
370680
370681
370718
371141
371415
371416
371417
371535
371580
371581
371881
371883
372068
372212
372236
372548
372549
372550
372551
372554
372561
372595
372598
372600
372926
372927
372968
372970
373324
373329
373384
373423
373799
374325
374326
374605
374739
375553
375566
375567
375574
375578
375579
375580
375581
375582
375924
376185
376191
376199
376249
376290
376442
376446
376578
378048
378069
378150
378696
378954
379164
381492
381703
381766
381920
382041
383162
383416
383452
383944
383946
384243
384285
384459
384767
385041
385404
385848
386004
386581
386613
386626
387107
387164
387165
387166
387167
387169
387170
387171
387172
387175
387177
387179
387180
387182
387184
387188
387189
387191
387192
387236
388581
389167
389551
389619
391490
391594
392072
392117
392130
392531
392562
392866
392915
392923
393941
393974
394094
394318
394319
394320
394323
394330
394331
394339
394346
394347
394349
394350
394781
395298
395476
395558
395856
396094
396165
396997
397409
397438
397511
397568
397663
397679
397688
397717
397751
398523
398910
399744
399824
400071
400173
400174
400836
401986
402028
402197
403328
403329
403342
403343
403344
403360
403362
403363
403364
403401
403420
403432
403441
403442
403453
403630
403743
403746
403747
403750
403810
403839
403845
403856
403901
403980
403986
404099
404100
404245
404652
405153
405281
405737
406645
406649
406654
406731
407304
407307
407308
408321
408331
408332
408823
408981
409520
409540
409982
410016
410545
410705
411771
412524
413308
413595
414265
414639
414691
415071
415170
415229
415558
415908
416297
416807
416834
416979
417199
417235
417250
417409
418388
419426
419435
419470
419743
419893
420267
421060
421762
421921
422092
422220
424075
424723
424724
424971
424982
425053
425090
425096
425978
426263
426265
426266
426309
426310
426510
426551
426890
426894
426945
427031
427039
427078
427203
427459
428460
428710
429369
429370
429378
429379
429603
430001
430101
430129
430247
431283
431284
431390
431790
432601
434594
435065
435943
436724
436804
437446
437614
437770
437800
438369
438434
438493
438683
438858
438869
439073
439075
439076
439086
439128
439228
439315
441173
441174
441192
441193
441434
441435
441436
441725
442469
442482
442556
443174
443336
443755
443758
443786
447056
447169
447689
447792
448616
448666
448677
448678
448697
448710
448711
448730
448731
448742
448762
448763
449037
449111
449214
449260
449400
449916
450414
450524
450629
450707
450956
451101
451109
451330
451471
451616
451661
451764
452343
452712
453783
454815
454816
455187
455314
455447
455644
455677
455747
455756
455934
456853
456892
456950
457365
458046
458644
459212
459808
459809
460183
460194
460245
460340
461309
461591
462050
462770
462832
462895
462990
463549
463681
463853
463935
464061
464366
464526
464806
464893
465335
465477
467655
467659
467822
467837
467849
467857
468081
468428
468538
468640
469551
469553
469792
469940
470006
470008
470009
470037
470242
470419
470434
470455
470521
470570
470712
470755
472250
472252
472380
472390
472391
472435
472442
472536
473372
473373
473427
474436
474699
474700
474725
475279
475448
475578
475757
475828
475847
476086
476094
476125
476138
476181
476880
476954
476973
477107
477109
477398
478285
478730
478789
479331
479332
479497
480237
480595
480596
480997
481187
481202
481238
481355
481383
481445
482027
482259
482517
483131
483132
483192
483201
483261
483289
483290
483291
483430
483493
483573
483574
483588
484101
484391
484587
485130
485320
485592
485593
485594
485632
485774
485929
486079
486120
486482
486673
487148
487153
487154
487410
487418
487743
487775
487779
487793
488159
488160
488332
488525
489909
489912
489919
489942
490535
490579
490750
490839
490840
491107
491502
491560
491579
491582
491609
491610
491611
491612
491615
491616
491617
491618
491647
491722
491806
491815
491851
492415
493135
494087
494155
494156
494188
494202
494254
494412
494612
495007
495403
495836
495857
496285
496672
496725
497330
498398
498811
498991
499015
499468
499505
499635
499811
500134
500135
500136
500137
500514
500554
500567
502090
502091
502098
502557
502638
502675
502824
503312
503683
504431
504432
504515
505072
505368
505439
505470
505992
506002
506004
506005
507155
507492
508140
508194
508250
508253
508652
508754
508765
508965
509117
509186
509187
509406
510524
510814
510950
511679
511704
511710
511816
511834
511926
512060
512061
512375
512959
512988
512991
513514
514091
514092
514106
514133
514134
514161
514162
514810
515427
515490
515827
516071
516594
516627
516733
516837
517143
517378
517875
518045
518681
518697
521885
522093
522593
522973
524191
524199
524252
524385
524393
524394
525572
525726
525897
526269
526472
526601
526718
527128
527202
527587
527602
527992
528379
528492
528557
528861
529002
529611
529789
530059
530231
530234
530987
531302
531399
531571
531572
531966
533094
533156
533677
533751
534245
535318
535474
535477
535478
535516
535699
535704
535713
535714
536080
536248
536249
536941
537209
537836
538303
538499
538605
538948
539170
539868
539882
540573
540667
540938
541800
542825
543056
543579
543584
543880
544211
544218
544222
544756
545517
545554
546096
546518
546709
546849
546993
547263
547877
547912
548048
548876
549167
549168
549255
549257
549276
549299
549300
549301
550111
550112
550113
550126
550127
550128
550460
551544
552320
552341
552342
552383
552384
552385
552386
552920
553311
553571
553572
553594
554705
555940
556016
556038
556079
556109
556777
557513
557557
558830
559265
559302
559696
561397
561632
561719
561809
563096
564927
564948
565081
565082
565152
565174
565309
565324
565723
565731
565848
566006
566038
566039
566759
566765
566766
567174
567186
567188
568744
568746
569383
569404
570127
572003
572193
572850
573156
573180
573231
573580
573599
573648
573737
574636
574695
575328
575815
575916
576049
576150
576542
576653
578038
578508
578781
578891
578904
578939
579398
579421
579540
580099
580471
580779
582043
582052
582756
582796
582842
584404
584428
585243
585544
585884
585894
585895
585896
585924
586091
587085
587840
587884
588017
588081
588174
588207
588266
588308
588477
588602
588682
589143
590174
590184
590208
590481
590488
590491
590523
590862
591699
592255
592642
592966
593009
595838
597149
599462
600815
601047
601337
601605
601696
601697
601913
602012
602076
602117
602316
602862
602884
603032
603040
603152
603797
603841
604892
604904
604905
604938
604941
604996
605061
605325
605387
605849
606054
606125
606786
607014
607015
607617
607734
608509
608817
609388
609546
610134
610135
610184
610308
610654
611139
611140
611396
611398
611741
612909
612912
614413
615225
616269
617078
617494
617501
619837
620095
620291
620455
621037
621058
621068
621537
621912
621919
622713
622815
622916
622934
623277
623712
623718
623747
623763
623965
624322
624327
624328
624329
624330
624383
624385
624634
624692
624745
624803
624857
624858
625762
625949
626100
626847
626850
626855
627169
627170
627181
627402
627433
627469
627511
627750
628201
628231
628405
628406
628408
628904
628905
629142
629334
631466
631473
631474
632978
633014
633015
633017
633190
633386
633441
633582
633586
634096
634641
634645
634893
635211
635488
636544
637053
637100
637694
637696
638240
639086
639157
639175
639279
639306
640853
641019
641118
642190
642191
642455
642553
642564
642767
644410
644414
644455
644755
645533
645534
645537
645570
645678
645681
646034
646691
647205
647209
647210
647307
647476
647477
647478
649201
649382
649410
649670
650797
650879
652789
655101
655667
656567
656568
656882
657304
659083
659260
659282
659303
659318
659728
660185
660466
660478
660532
660568
660709
661317
661840
662764
662765
663133
663312
663383
664038
664397
665383
665530
665618
665669
666252
666254
666315
666663
666866
666874
666902
666903
666904
667216
667217
668511
668934
668995
669079
669420
669592
669611
669612
669854
669855
669856
669857
669858
669859
669875
670928
671284
671587
672312
672909
673094
674776
676120
676313
676374
676954
677144
677192
677307
677324
677330
677751
677996
678086
678716
678813
679127
680300
680348
680362
680364
680647
681978
682558
683786
684030
684244
684840
684926
684927
684949
684990
685320
685325
685330
685331
685334
685338
685472
685804
685909
685914
685949
686105
686293
686755
686849
686978
687112
687135
687445
687667
688428
688614
690758
690812
691377
692880
693357
693822
694033
694163
694173
698107
698201
698209
698629
698736
699273
699517
699922
699982
700115
700459
700785
701284
701287
701288
701434
701888
702682
702963
703070
703072
703643
704040
704041
704990
705737
708138
708345
709994
710245
711215
711330
711392
711402
711607
711644
711804
712000
712031
712057
712089
712492
712567
712997
713046
713531
714027
714231
715723
715724
715729
715916
716570
716730
716757
716758
716847
717194
717397
717455
718114
718115
718116
718169
718174
718637
719002
719355
719487
719875
719925
721266
721267
721352
721353
721660
721679
721680
721754
722487
722581
722688
723078
723347
723360
723954
724352
724418
724419
724512
724513
724658
724707
724784
724998
725369
725681
726353
726872
728184
728497
728574
728619
728853
728860
728861
728870
728871
728876
728877
728909
728910
728920
728921
729287
729288
729289
729290
729293
729297
729544
729545
729618
729645
729960
730158
730190
731058
731276
731442
731454
731464
731685
731686
731775
731943
732078
732088
732227
732290
732423
732501
732950
733425
733493
734285
734843
734844
734845
735060
735076
735079
735080
735151
735152
735159
735160
735784
735882
736094
736150
736619
738335
739113
739160
739357
740488
740533
740538
740556
740815
741152
741153
741808
741969
742357
742459
743319
744012
744201
744410
744411
744874
745014
745282
745382
745568
745600
745977
745982
746109
746364
747111
747175
747451
749135
749283
749292
749878
750538
750555
750638
751069
751131
752269
752389
752622
752623
752686
752789
752793
752797
752880
752938
753306
753702
753704
754022
754253
754417
754504
754797
755125
755382
755544
756205
756532
757121
757170
757636
758240
758743
760530
760995
761080
761134
761455
761945
762190
762222
762399
762648
762674
763575
763625
763626
763664
763666
763873
764026
764338
764339
764757
764825
764828
764829
764836
764974
765242
765315
765598
765599
765601
765938
766338
766577
766597
767639
768147
768148
768263
769129
769171
769217
769277
769486
770042
770685
771237
771427
771638
771639
771640
771641
773427
773648
774060
774110
774153
774158
774749
776458
776644
776670
776672
777134
777135
777136
777345
777737
778133
779197
779376
779588
779773
779866
780002
780160
780548
780637
781361
781475
781611
782016
782202
782402
782877
784056
784712
785779
785870
786714
787321
787467
787468
787611
788195
789249
789370
790597
790730
790734
790787
791111
791790
791795
791817
791956
792065
792088
792118
792141
792193
792689
792952
793237
793454
793657
793818
793838
793975
793981
794040
794107
794228
794369
795040
795169
795603
795919
797443
797532
798345
798498
798503
798517
798541
798555
798585
798773
798902
799679
799958
800022
800443
800615
800664
801985
802315
802358
802378
802712
802735
803049
803070
803081
803092
803473
803542
803653
803659
803719
803741
803757
803902
805016
805397
806416
807831
808314
809337
809803
810330
811221
811334
811796
812008
812060
812656
812845
813746
814843
816188
816311
816485
816486
817072
817882
817902
819195
820219
821378
821380
821414
821416
821444
824154
824242
824279
824502
825068
825073
825295
825725
825757
826029
829325
829365
830989
830990
830991
831085
831301
831302
831303
831307
831485
831486
831601
831935
831988
832701
832781
833186
833425
833467
833483
833666
834285
834287
834322
834342
834941
835474
835500
835559
835831
835905
835992
836857
836858
836896
838436
838473
838843
840273
840646
841163
841267
841427
841489
841498
842905
843120
843683
843703
843798
843863
843902
843959
843978
844019
844216
846596
846597
846776
847005
847006
847013
847014
847015
847022
847101
847102
847221
847324
848106
848848
848855
848925
848926
848928
849070
849078
849096
849097
849133
849140
849141
849205
849206
849207
849217
849218
849219
849220
849225
849495
849749
850380
850410
850428
850792
851122
851935
851990
852166
852355
852372
852384
852396
852451
854845
857632
858102
858682
858770
859133
859254
859255
859256
859259
859260
859261
859266
859704
860104
861464
861576
861707
862101
862105
862940
864049
864470
865050
865105
865112
865177
866139
866140
866142
867008
869197
869336
871733
871760
871761
871762
871777
871780
875425
875521
877780
878382
878383
878411
878653
879045
879175
879688
879735
880053
880087
880310
881849
881904
882585
882607
882714
882718
886008
886010
886379
887904
888131
888404
888690
888823
889190
889196
889271
889597
890451
890455
890660
890697
890699
891154
891335
892353
892771
893105
893413
893494
894287
894644
894689
894723
894781
894849
895212
896421
897627
897921
899090
899548
